0 0 0 0 0 0
1.46939 0.969925 0.0139912 3.21794e-08 3.60474e-27 0
2.93878 1.62203 0.14298 0.0010961 8.2878e-12 1.46676e-242
4.40816 2.06045 0.35443 0.0286342 3.45989e-07 3.09927e-99
5.87755 2.35521 0.569716 0.139189 0.000416817 7.54181e-48
7.34694 2.55339 0.763502 0.316344 0.0241214 1.35023e-23
8.81633 2.68663 0.930807 0.491929 0.173428 9.02203e-11
10.2857 2.7762 1.07264 0.629283 0.40801 0.000605116
11.7551 2.83643 1.19172 0.726078 0.600686 0.164084
13.2245 2.87691 1.29114 0.791943 0.724696 0.482601
14.6939 2.90176 1.37382 0.836784 0.798103 0.730228
16.1633 2.86312 1.4419 0.867771 0.84079 0.915612
17.6327 2.57533 1.49297 0.889104 0.8659 1.05402
19.102 2.05395 1.51223 0.901752 0.880659 1.1573
20.5714 1.53131 1.46636 0.901825 0.888041 1.23435
22.0408 1.11009 1.33117 0.878454 0.887385 1.29182
23.5102 0.796736 1.14259 0.818153 0.873375 1.33467
24.9796 0.571336 0.953905 0.71625 0.831891 1.36656
26.449 0.411847 0.788322 0.582269 0.732977 1.38975
27.9184 0.3012 0.649293 0.437248 0.545097 1.37483
29.3878 0.381243 0.534483 0.304466 0.316674 1.06877
30.8571 1.04863 0.461821 0.204177 0.150662 0.797156
32.3265 1.66874 0.524216 0.178692 0.068508 0.594556
33.7959 2.09171 0.67347 0.264742 0.0443162 0.443447
35.2653 2.37623 0.834166 0.410554 0.106544 0.330743
36.7347 2.56752 0.981894 0.554127 0.291991 0.246686
38.2041 2.69613 1.11087 0.667732 0.501312 0.206745
39.6735 2.78259 1.22096 0.74949 0.657292 0.450659
41.1429 2.83931 1.31384 0.806422 0.75596 0.703852
42.6122 2.83618 1.39127 0.845962 0.814933 0.895647
44.0816 2.60057 1.45141 0.873272 0.849854 1.03905
45.551 2.10372 1.48107 0.890261 0.870438 1.14611
47.0204 1.57868 1.44869 0.893927 0.881346 1.22599
48.4898 1.14765 1.32651 0.874106 0.882967 1.28557
49.9592 0.824614 1.14449 0.817156 0.870699 1.33001
51.4286 0.591438 0.957482 0.717754 0.831048 1.36308
52.898 0.426135 0.791842 0.585165 0.734681 1.38717
54.3673 0.311204 0.652347 0.440505 0.549525 1.37547
55.8367 0.384567 0.537047 0.307353 0.321259 1.07252
57.3061 1.04525 0.463723 0.206423 0.153442 0.799958
58.7755 1.66618 0.525101 0.180075 0.0699245 0.596646
60.2449 2.08999 0.673898 0.265524 0.0451717 0.445006
61.7143 2.37507 0.834403 0.41098 0.107342 0.331906
63.1837 2.56674 0.982037 0.554349 0.292648 0.247553
64.6531 2.6956 1.11096 0.667846 0.50171 0.20766
66.1224 2.78223 1.22102 0.749549 0.657499 0.451748
67.5918 2.83904 1.31388 0.806452 0.756062 0.704678
69.0612 2.8356 1.39129 0.845978 0.814982 0.896264
70.5306 2.59888 1.45139 0.873276 0.849876 1.03951
72 2.10156 1.48091 0.890243 0.870444 1.14645
