0 0.7095 0.1767 0.1522 0.0806 0.7095
1.46939 1.44555 0.231178 0.0530476 0.0330226 0.529178
2.93878 1.94177 0.403033 0.06165 0.0132792 0.394685
4.40816 2.27542 0.600725 0.171725 0.00676437 0.294374
5.87755 2.49974 0.785119 0.343619 0.0396303 0.219558
7.34694 2.65056 0.946634 0.510916 0.204688 0.163756
8.81633 2.75196 1.08457 0.64132 0.435418 0.124205
10.2857 2.82013 1.20089 0.733496 0.617991 0.301514
11.7551 2.86584 1.29829 0.796555 0.734436 0.58842
13.2245 2.88647 1.37939 0.839723 0.803403 0.809304
14.6939 2.77938 1.44528 0.869578 0.843674 0.974613
16.1633 2.37826 1.48967 0.889577 0.867378 1.09803
17.6327 1.83599 1.49051 0.899317 0.880916 1.19012
19.102 1.34992 1.41146 0.892325 0.886376 1.25883
20.5714 0.973524 1.24981 0.85554 0.881725 1.31007
22.0408 0.697992 1.05799 0.777857 0.858798 1.34827
23.5102 0.501289 0.878608 0.660592 0.797504 1.3766
24.9796 0.362754 0.724811 0.519098 0.661861 1.3951
26.449 0.280835 0.596655 0.376937 0.443707 1.2737
27.9184 0.574345 0.49234 0.255352 0.23344 0.953489
29.3878 1.30041 0.460453 0.176021 0.105942 0.711156
30.8571 1.84279 0.568489 0.192861 0.0497574 0.530413
32.3265 2.20884 0.728107 0.309484 0.0489575 0.395606
33.7959 2.45498 0.88627 0.461133 0.156519 0.295061
35.2653 2.62046 1.02807 0.596426 0.36523 0.220172
36.7347 2.73172 1.15058 0.698874 0.561019 0.251068
38.2041 2.80649 1.25462 0.771332 0.696336 0.532598
39.6735 2.85204 1.3421 0.821602 0.779554 0.766831
41.1429 2.80189 1.41435 0.856552 0.828931 0.942808
42.6122 2.47107 1.46705 0.880403 0.858191 1.07427
44.0816 1.94239 1.48195 0.893805 0.875244 1.17239
45.551 1.43923 1.42362 0.891769 0.883347 1.24559
47.0204 1.04111 1.27747 0.862203 0.881533 1.3002
48.4898 0.747047 1.08894 0.792658 0.863158 1.34091
49.9592 0.5362 0.906653 0.681901 0.810791 1.37115
51.4286 0.38729 0.748594 0.543233 0.690423 1.39227
52.898 0.288271 0.616397 0.399665 0.482523 1.32119
54.3673 0.477394 0.507785 0.273429 0.263305 0.997081
55.8367 1.20031 0.456842 0.184873 0.121235 0.74367
57.3061 1.77438 0.548188 0.184116 0.055755 0.554663
58.7755 2.16283 0.704728 0.289333 0.0449533 0.413693
60.2449 2.42404 0.864366 0.439673 0.13296 0.308552
61.7143 2.59966 1.00879 0.578915 0.333925 0.230153
63.1837 2.71774 1.13406 0.686121 0.536461 0.224975
64.6531 2.79711 1.24065 0.762426 0.680524 0.49733
66.1224 2.84762 1.33039 0.815418 0.770057 0.739948
67.5918 2.82034 1.40485 0.852243 0.823306 0.922691
69.0612 2.53064 1.46091 0.877535 0.854845 1.05925
70.5306 2.01288 1.4826 0.892509 0.87334 1.16118
72 1.49913 1.43589 0.89307 0.882638 1.23723
