0 0 0 0 0 0
1.46939 0.969925 0.0139912 3.21794e-08 3.60474e-27 0
2.93878 1.62203 0.14298 0.0010961 8.2878e-12 1.46676e-242
4.40816 2.06045 0.35443 0.0286342 3.45989e-07 3.09927e-99
5.87755 2.35521 0.569716 0.139189 0.000416817 7.54181e-48
7.34694 2.55339 0.763502 0.316344 0.0241214 1.35023e-23
8.81633 2.68663 0.930807 0.491929 0.173428 9.02203e-11
10.2857 2.7762 1.07264 0.629283 0.40801 0.000605116
11.7551 2.83643 1.19172 0.726078 0.600686 0.164084
13.2245 2.87691 1.29114 0.791943 0.724696 0.482601
14.6939 2.90174 1.37382 0.836784 0.798103 0.730228
16.1633 2.857 1.44188 0.867768 0.84079 0.915612
17.6327 2.37183 1.49045 0.888807 0.865889 1.05402
19.102 0.456514 1.39971 0.888331 0.879837 1.1573
20.5714 -4.27221 1.3233 0.85713 0.878298 1.23433
22.0408 -12.8862 1.42071 0.866286 0.872611 1.29179
23.5102 -25.6069 1.50177 0.888395 0.877683 1.33464
24.9796 -41.7728 1.56844 0.908312 0.886195 1.36661
26.449 -60.1735 1.62325 0.923806 0.894279 1.39047
27.9184 -79.4553 1.66832 0.935471 0.9008 1.40827
29.3878 -98.4224 1.70538 0.944257 0.905749 1.42156
30.8571 -116.186 1.73586 0.950942 0.909433 1.43147
32.3265 -132.193 1.76091 0.95609 0.912175 1.43887
33.7959 -146.18 1.78151 0.9601 0.914233 1.44439
35.2653 -158.102 1.79845 0.963254 0.915797 1.44851
36.7347 -168.062 1.81238 0.965756 0.917 1.45158
38.2041 -176.247 1.82383 0.967752 0.917936 1.45388
39.6735 -182.881 1.83325 0.969355 0.918671 1.45559
41.1429 -188.198 1.84099 0.970646 0.919254 1.45686
42.6122 -192.418 1.84735 0.971691 0.919719 1.45782
44.0816 -195.741 1.85259 0.972539 0.920092 1.45853
45.551 -198.339 1.85689 0.973229 0.920392 1.45906
47.0204 -200.359 1.86043 0.973791 0.920635 1.45945
48.4898 -201.922 1.86334 0.974249 0.920833 1.45975
49.9592 -203.125 1.86573 0.974624 0.920993 1.45997
51.4286 -204.049 1.8677 0.974931 0.921124 1.46013
52.898 -204.755 1.86932 0.975182 0.921231 1.46026
54.3673 -205.294 1.87065 0.975388 0.921318 1.46035
55.8367 -205.704 1.87174 0.975557 0.921389 1.46042
57.3061 -206.016 1.87264 0.975695 0.921448 1.46047
58.7755 -206.251 1.87338 0.975809 0.921496 1.46051
60.2449 -206.43 1.87399 0.975902 0.921535 1.46054
61.7143 -206.565 1.87449 0.975979 0.921567 1.46056
63.1837 -206.667 1.8749 0.976041 0.921594 1.46057
64.6531 -206.743 1.87524 0.976093 0.921615 1.46058
66.1224 -206.801 1.87551 0.976136 0.921633 1.46059
67.5918 -206.845 1.87574 0.976171 0.921648 1.4606
69.0612 -206.877 1.87593 0.976199 0.92166 1.4606
70.5306 -206.902 1.87609 0.976223 0.92167 1.46061
72 -206.92 1.87621 0.976242 0.921678 1.46061
