0 0 0 0 0 0
1.46939 0.942339 0.0209485 7.13065e-07 1.79853e-20 0
2.93878 1.53806 0.16504 0.0122626 3.99006e-07 1.07156e-152
4.40816 1.91466 0.347865 0.173286 0.000863553 1.68079e-38
5.87755 2.15273 0.500369 0.427509 0.107034 5.85682e-13
7.34694 2.30324 0.614952 0.606581 0.411734 0.000743911
8.81633 2.39838 0.697918 0.707305 0.629029 0.275647
10.2857 2.45853 0.756971 0.761577 0.743772 0.625293
11.7551 2.49652 0.798602 0.791471 0.80025 0.923203
13.2245 2.51955 0.827768 0.808679 0.827924 1.17541
14.6939 2.52425 0.847999 0.819031 0.841823 1.38882
16.1633 2.4791 0.861254 0.825386 0.849084 1.56939
17.6327 2.32121 0.867045 0.828918 0.852988 1.72215
19.102 2.02237 0.860463 0.829382 0.854898 1.8514
20.5714 1.64323 0.828371 0.824246 0.854941 1.96075
22.0408 1.2705 0.748846 0.805262 0.85163 2.05325
23.5102 0.954039 0.615197 0.750675 0.839357 2.13151
24.9796 0.706325 0.462071 0.624417 0.797528 2.19766
26.449 0.521124 0.328704 0.424156 0.647137 2.25176
27.9184 0.427191 0.228121 0.22858 0.338652 2.09662
29.3878 0.636375 0.162428 0.105745 0.135332 1.77393
30.8571 1.18093 0.177112 0.0614171 0.0516526 1.50077
32.3265 1.66547 0.307676 0.140204 0.0213816 1.26968
33.7959 1.99245 0.456012 0.363178 0.0644669 1.07417
35.2653 2.2016 0.577869 0.559193 0.332692 0.908778
36.7347 2.33406 0.669394 0.678763 0.577125 0.912883
38.2041 2.41703 0.735808 0.745037 0.715743 1.15935
39.6735 2.46088 0.78309 0.781697 0.785758 1.37485
41.1429 2.44475 0.815725 0.80254 0.820352 1.55748
42.6122 2.31175 0.835396 0.814383 0.837622 1.71205
44.0816 2.03134 0.83907 0.819807 0.846224 1.84284
45.551 1.66082 0.815412 0.817802 0.849731 1.95349
47.0204 1.28921 0.743724 0.8012 0.848298 2.04711
48.4898 0.970357 0.616064 0.749428 0.837218 2.12631
49.9592 0.719307 0.465344 0.627061 0.796966 2.19326
51.4286 0.530964 0.331997 0.429533 0.651567 2.24823
52.898 0.429868 0.230677 0.233277 0.345548 2.10671
54.3673 0.625209 0.163843 0.108293 0.138581 1.78252
55.8367 1.16569 0.175058 0.0616723 0.0529109 1.50804
57.3061 1.65437 0.303653 0.135764 0.0217221 1.27583
58.7755 1.98526 0.452349 0.357068 0.0603834 1.07937
60.2449 2.19703 0.575026 0.555024 0.324968 0.913176
61.7143 2.33118 0.6673 0.676394 0.572143 0.904028
63.1837 2.41528 0.734303 0.743733 0.713143 1.15097
64.6531 2.46045 0.78203 0.780966 0.784468 1.36774
66.1224 2.44718 0.815033 0.802122 0.819712 1.55146
67.5918 2.31925 0.835109 0.814165 0.837301 1.70696
69.0612 2.04355 0.839437 0.819781 0.846076 1.83853
70.5306 1.6746 0.817044 0.818097 0.849717 1.94985
72 1.3018 0.747388 0.802258 0.848489 2.04403
