error istate = -1
error istate = -1
error istate = -1
2,8.934345,99,1050020,[1.493818129412916,2.048936571438106,1.320649563275153,3.032316021935951,3.038780289528959,0.705876074973988,0.515193753353046,0.359837423871728,0.604620381389468,0.691826568844651,0.321109100835083,0.661847474464376,12.023554811741034,5.150137552372909,2.004342267979027,7.244017502217136,3.671088585432901,3.269190356091841,1.143347938654671,8.934344957900322]
error istate = -1
3,10.923020,100,1050014,[1.658828601424182,1.921300930189076,1.658492540127478,2.379830804000445,1.830830194389911,0.605873997082960,0.508423052443372,0.361910211520930,0.539357359633092,0.468603896613721,0.656633821680355,0.515809961036471,12.000004822935785,5.000199900368148,2.000004752358830,4.766832477147369,9.579055750074877,1.987289515090961,10.225254034365811,10.923020408606237]
error istate = -1
error istate = -1
error istate = -1
error istate = -1
1,12.139550,113,1050029,[1.543593131084960,2.063158114001912,2.550510190415212,1.530632141259537,1.757398651107027,0.612622443506185,0.518053351699610,0.412379205797772,0.443282109568922,0.447617258557951,0.646078264697481,0.528790275689939,10.590845778450791,6.841346303068140,3.507609309458513,2.461134393495423,8.238328269872841,1.192965726797262,13.576814035986501,12.139550294344077]
error istate = -1
error istate = -1
error istate = -1
error istate = -1
0,12.139550,116,1050029,[1.543593131084960,2.063158114001912,2.550510190415212,1.530632141259537,1.757398651107027,0.612622443506185,0.518053351699610,0.412379205797772,0.443282109568922,0.447617258557951,0.646078264697481,0.528790275689939,10.590845778450791,6.841346303068140,3.507609309458513,2.461134393495423,8.238328269872841,1.192965726797262,13.576814035986501,12.139550294344077]
error istate = -1
error istate = -1
error istate = -1
error istate = -1
error istate = -1
5,6.330188,104,1050027,[1.597229083651539,1.892306592359404,2.422620371600228,2.292015260147659,3.836689613760395,0.667760349701451,0.510828214581796,0.400293440087087,0.556872148375416,0.678414760174139,0.100000002338763,0.887927002590908,17.075092966056473,5.039590889289685,3.222987699106128,4.437768725333955,9.046856660543555,24.016257488924438,6.476537750015793,6.330187944727348]
error istate = -1
error istate = -1
error istate = -1
6,11.838966,106,1050028,[1.591354528668008,1.933444731549764,2.615811262019672,1.420489963301237,1.822321489665589,0.610059341741621,0.502674581195693,0.417806758124359,0.432555636048925,0.455252459719441,0.645805919543278,0.541542568775156,12.597968239922145,5.415465487985125,3.280076205977589,2.542804958424410,16.735385062367470,1.606879046286294,13.421618836147663,11.838965964853182]
error istate = -1
error istate = -1
7,8.900659,109,1050028,[1.525976794096685,1.769987944063913,1.865177896634162,2.179612863252828,2.497146360799087,0.630606193923824,0.513538321009643,0.379257205215593,0.526882100867175,0.538999118249875,0.477575006488631,0.607963698310665,11.602957262896163,4.458253016293978,2.672253508066571,4.058981179655184,15.989044539456731,1.339450812649388,6.032193075254044,8.900659126917828]
error istate = -1
error istate = -1
4,10.892652,111,1050032,[1.628202955269113,1.985186008021629,1.430114834729764,2.677383029058382,1.709714856846225,0.593323882335778,0.505128783396934,0.354124970224907,0.570729497597505,0.451339214344611,0.713878419420281,0.476456593629563,10.442059104264210,5.796116340312242,2.101901642973357,5.304214734197398,14.797025989571265,1.245864697018860,19.071497479761479,10.892651978159042]
error istate = -1
8,6.635930,101,1050027,[1.580263523025380,2.021978602264575,1.943484512512284,2.237905386801367,3.970279532375368,0.670705964681548,0.531831233412180,0.376062673198986,0.527941713252802,0.665017650935153,0.100000000000000,0.891786550718778,17.041859101923183,6.402587726495943,2.174322694276654,4.664917749823868,10.022878977098184,19.809777356315837,8.500841579913043,6.635929923321599]
error istate = -1
error istate = -1
10,8.196592,107,1050019,[1.500713703608170,2.122363885519753,1.337540986750780,3.124277173679305,3.763480162925951,0.662537555820403,0.549447171872138,0.343845170813492,0.614657350171347,0.599190188022877,0.116958588694060,0.843678335986501,14.476837546747038,6.728475805613982,2.433132614175626,8.270463881618287,20.883025884551614,1.668625697571338,6.393564513221945,8.196592119655271]
error istate = -1
error istate = -1
error istate = -1
11,6.324624,109,1050028,[1.590644177245144,1.910053256515205,2.382754380554675,2.340254287746223,3.726799225966054,0.665714486089475,0.513155321169788,0.404890830628069,0.505827161711935,0.670934726841160,0.102458715798954,0.886607415232851,17.181824044087491,5.781775413960089,3.303906718549003,3.460281023602165,8.412378392320329,16.535999082115935,7.782101902114368,6.324624339582033]
9,6.611397,111,1050025,[1.592589909544650,2.044766342663153,2.380917802349406,2.172118358340652,3.958591205690009,0.667129555761725,0.527102479238982,0.422828648521742,0.496047652409332,0.669116515182615,0.102132225363055,0.895076586085367,17.197784963285950,6.586935305751007,3.125188858941239,3.555125570749533,10.702710455574532,11.255975253033337,7.889808661539249,6.611396585885880]
error istate = -1
14,5.938236,100,1050016,[1.495942150358561,2.064360690449041,1.119279345540851,3.658869148306066,4.570439806850195,0.685728621243450,0.527139587589151,0.346996651646586,0.650226090770101,0.657220637936775,0.100000000059538,0.904002728654688,14.347093910910013,5.313157441507847,2.256176114226191,13.723880978344800,20.187754610757536,14.628748479213745,7.334308358891489,5.938235633418798]
error istate = -1
error istate = -1
error istate = -1
error istate = -1
13,12.079137,108,1050013,[1.567965921894730,2.164499651231714,1.319073656037691,2.687796374199803,2.017686088633355,0.594406975586440,0.531507342900780,0.349681779385689,0.568442887544323,0.483923449401650,0.613772579426324,0.543479062232201,11.316530274914130,6.563465755856874,2.107566607733253,5.116178123840190,16.718992215506013,1.853573725080500,7.124769162742872,12.079136568357695]
15,7.438653,111,1050024,[1.572450561872992,2.163894406271061,0.962063519753480,3.597419978978811,3.810206788346646,0.695687148357199,0.537493076922642,0.334197865775715,0.641778734585258,0.621215879915512,0.100000000002050,0.912595344108388,21.344528073537610,6.659825261588679,2.087168710479637,9.037072059187641,11.309391588735403,6.740443256818567,15.979235830721778,7.438652809991658]
error istate = -1
12,8.450143,112,1050027,[1.560304687060599,1.704844498836124,2.542850116290639,1.901473470264524,2.516611782785615,0.624274459515629,0.501209850717952,0.416070937210760,0.515436946910366,0.586457522745701,0.366058258298357,0.696727556723432,14.263136164827580,4.857628359800662,3.748239076573637,3.181573615195229,18.362082388049234,1.418718567683827,7.859480194904919,8.450142714236630]
17,8.795141,101,1050018,[1.558658318483261,1.926486490138927,1.686071977077157,2.642712862124796,2.955112616578762,0.629637457986086,0.517556829973504,0.365341447167416,0.569652449301146,0.582201643122640,0.275680017732080,0.734373069181732,14.241006110939531,5.396289729042699,2.287079534451647,5.337597587120108,11.450077989449731,1.231085520536149,5.443490414942171,8.795140688081040]
error istate = -1
error istate = -1
error istate = -1
18,12.419019,104,1050017,[1.626923229351071,2.154918402290872,1.305986250101585,2.698365588169386,1.969394801133762,0.590358686379255,0.526149083021680,0.349320107541468,0.568723212614041,0.477239822653877,0.629504976391153,0.537453187264727,13.635782827315738,6.510958602083321,2.777433393730703,5.459380704490338,18.586327197631799,1.489854846301562,7.223705641156946,12.419019355621106]
error istate = -1
error istate = -5
error istate = -1
16,9.422198,107,1050029,[1.584466237864347,1.972094495209462,1.506954899731819,3.012803654571232,3.043862777564320,0.627961561750734,0.538846603118423,0.350177558432177,0.602410650074450,0.606645865850402,0.204419984554077,0.800657201637815,16.761632936526403,6.346116361402149,2.624452523032751,7.606856773639830,24.569136756619929,1.536559987387239,8.942374888278502,9.422197559893335]
error istate = -1
19,7.294523,107,1050023,[1.507838975332367,1.928231267901546,1.702130003235437,2.643655682376840,3.182806705388396,0.659720209482839,0.522747227156704,0.366211358142416,0.569770894219650,0.621299485731097,0.100000013261491,0.827493208414171,13.107831987495099,5.935534800454938,2.080446491752820,5.944329393136200,6.777224220740696,1.985432929870433,5.017661455575328,7.294522576013262]
error istate = -1
error istate = -1
error istate = -5
error istate = -1
20,11.680025,99,1050028,[1.595004215774776,2.139780936960038,1.482666926933346,2.421374007380912,1.777429948421017,0.604131205421738,0.521810900124189,0.354583611865370,0.541279650280639,0.452944082124594,0.675400745135362,0.503679151624799,11.577125403438593,6.226052267340464,2.261089925065765,4.370785954302712,7.767449953474780,1.840157397026011,10.327597873003403,11.680024952914797]
error istate = -1
21,12.174071,106,1050022,[1.654728477195629,2.157806284940529,1.331811178190988,2.700399598079278,1.910681823846528,0.594023436682170,0.519189470873986,0.352597607352941,0.566816385540550,0.500111214864442,0.632685323931934,0.522203790745901,14.819516569221343,6.769352178654449,2.560109855685745,5.572906227076081,14.583205278558715,1.325748877858119,8.361728564647034,12.174071035331673]
22,6.054867,106,1050017,[1.484501518559560,1.950357193512733,2.299221061987271,2.048455878358784,4.162317903634112,0.680411336149684,0.513994614585950,0.427717833621520,0.496069531557078,0.684838561293436,0.100000000000000,0.880318588127626,14.503929530603405,5.708749066224518,3.546771964985342,3.145156427407374,10.448633908125218,6.728901230675280,5.960817770661107,6.054866798278109]
error istate = -1
error istate = -1
error istate = -5
error istate = -1
error istate = -1
error istate = -1
23,6.174732,111,1050017,[1.520747525728417,2.087126418571058,1.183406708295650,3.483913623307656,4.350900148782113,0.675654112810894,0.520825548602761,0.357331999701551,0.624156485917641,0.652509036060260,0.100169237642321,0.905231535760543,15.174849305617771,5.188639306391588,2.098203304553404,10.102060138539400,13.257171619287822,19.496524892201584,7.988228559780967,6.174732476991259]
error istate = -1
error istate = -1
24,7.756693,104,1050021,[1.509569269589404,1.882110845828877,2.600040220784892,2.075849435264903,3.634370100725355,0.660176225071836,0.520270958060725,0.436828585528627,0.500644342655533,0.608264255777707,0.149714688370986,0.810130176770393,14.048125473317586,5.899448363127912,4.843473630429909,3.116945424080174,11.807573711700456,1.142056303258225,5.703850965271811,7.756692668741994]
error istate = -1
error istate = -1
error istate = -1
26,9.631872,110,1050028,[1.565496317365369,1.958071828313368,1.511078732754361,2.645377243439146,2.233071358456959,0.608433608471405,0.517767773262413,0.350050140214391,0.573722658895426,0.550776047566270,0.427661218771350,0.617612799442723,12.967499683736097,5.993050303193386,2.853472103101950,5.084182397286414,6.990105333295107,1.658370758152894,5.003491362869185,9.631871859633173]
error istate = -1
25,7.538504,112,1050024,[1.491828197557294,2.036138881782568,1.648915283830516,2.554909220163425,4.493606140063922,0.679757234534033,0.514406322517970,0.374047795305295,0.565108099462982,0.632724039830799,0.295185013734811,0.940886498458988,13.644557813420885,5.334995618895120,2.339721736359176,5.323021724188985,12.279482499886771,4.815833944441958,3.523957539698424,7.538504418239751]
error istate = -1
27,8.142104,113,1050014,[1.519466375542713,2.186769250553171,2.118440247596349,1.921979318721404,3.082689820219583,0.669285211648531,0.526869830543138,0.412635872692181,0.491481013813868,0.708606313317864,0.120195654894543,0.842881586064326,13.574218875768584,6.792181575220747,3.677610069357537,3.135540998653185,5.886127922075422,4.489939439120810,3.516905716534415,8.142104352588344]
error istate = -1
28,8.893682,111,1050026,[1.584758503973228,2.209607119024521,1.248969223324416,2.887511979527085,3.075745081919088,0.660773921695832,0.528325287076995,0.357963652649770,0.586779999544695,0.698021443621201,0.120751770119395,0.857286052638865,14.415951036906953,6.242896440778512,2.415737413942237,6.269465626973492,5.197922819241655,7.772053603040773,3.018359959891035,8.893681876667185]
error istate = -5
error istate = -1
error istate = -1
error istate = -1
29,6.319584,115,1050020,[1.520045741026851,1.962125490895419,1.878726366978295,2.254975066034702,4.171096333669987,0.677668981172180,0.513469516601693,0.387294331021110,0.532248902140714,0.679781126973475,0.101503793330547,0.884974882843972,15.867868525112925,5.697489386552753,2.001528693470637,4.932851656037345,10.034993849243157,7.460816688293884,5.973476259985486,6.319583593358183]
