error istate = -1
0,13.939978,116,1050000,[1.588467141112759,2.282070837250600,3.219891988790756,1.919454496354662,3.779433989355279,0.594781377026923,0.502723298447848,0.491660011830608,0.541163679331718,0.385906384528646,0.179631061012674,1.000000000000000,9.049353999669939,5.444389242391947,15.327599283762001,12.985484686838491,16.284559333439336,5.372989910837056,20.793260468986193,13.939977648240523]
error istate = -1
1,13.939978,116,1050000,[1.588467141112759,2.282070837250600,3.219891988790756,1.919454496354662,3.779433989355279,0.594781377026923,0.502723298447848,0.491660011830608,0.541163679331718,0.385906384528646,0.179631061012674,1.000000000000000,9.049353999669939,5.444389242391947,15.327599283762001,12.985484686838491,16.284559333439336,5.372989910837056,20.793260468986193,13.939977648240523]
3,16.104595,131,1050000,[0.912330874677174,2.138710899694561,3.184378376214382,2.689907535345791,2.471861278588594,0.438628681689519,0.482224273063369,0.471796855517326,0.553128874079878,0.762825136135660,0.804590256834048,0.177421604958013,2.649172502379435,16.583404945828451,17.500951423743096,10.638613778461671,24.378943270449799,7.849390738005133,15.920604697968544,16.104595273925816]
2,17.446742,139,1050000,[1.209366312958109,2.127838517779887,2.934628965887394,1.567674467584500,2.766685362170054,0.473233395053684,0.528019375418701,0.420837424301272,0.570356995745298,0.822567175301909,0.934459294677666,0.112391395405430,4.380374027593094,12.805097473496044,10.501939704021596,22.165320042713496,20.693398074729490,22.317772802927382,12.682635134090824,17.446742457627120]
error istate = -1
error istate = -1
error istate = -1
error istate = -1
error istate = -1
error istate = -1
error istate = -1
error istate = -1
error istate = -5
error istate = -1
error istate = -1
error istate = -1
error istate = -1
error istate = -1
error istate = -1
error istate = -1
error istate = -1
7,15.956420,113,1050000,[1.498222655675268,2.325888843203941,3.689260557689138,1.189640112005178,2.847836678357666,0.587716164041425,0.527972648717648,0.484060366498765,0.404265347771938,0.469229955995950,0.706514869029601,0.289302344526609,8.325745462253744,24.647434235972863,16.685445408450938,2.128068545166766,24.245057913198113,4.816858166191823,1.424650676252362,15.956419778217648]
error istate = -1
error istate = -1
6,9.785069,119,1050000,[1.398542019588985,2.308864282170423,2.610493693733700,3.341262874218860,3.713409574538859,0.665698674189263,0.518142338825115,0.466163850235052,0.544715867813703,0.689491134541455,0.103293810794946,0.914443420959166,6.272287862003028,12.406435567603784,5.716135998671242,17.511621316568554,24.852310087634567,17.195858379850470,9.859252860038450,9.785069440345271]
error istate = -1
error istate = -1
5,12.152402,139,1050000,[1.553501898063601,2.222209303498816,3.514967326691981,0.100000000000000,3.816089079110613,0.718323922690378,0.557540115724015,0.464483581458882,0.365673406473351,0.981528325594275,0.695502921410414,0.100000000000000,13.638017737181101,13.551040957161582,14.377443214431879,2.780256813348259,13.710395854224534,18.222291012506577,3.539636195730838,12.152402426286471]
error istate = -1
error istate = -1
4,14.588789,149,1050000,[1.438001033322294,2.256553720021551,3.280576217589434,2.927330138062616,3.478664441001695,0.571455866346588,0.490282435970262,0.481998695427496,0.573474048766623,0.640923530894736,0.315011598999140,0.955305501715213,5.141413324612642,23.520676986652258,22.935246349454299,18.615033746829915,12.553303133193466,20.731457232110560,4.273944288521842,14.588788554089996]
8,11.901143,101,1050000,[1.339336708748906,2.384569813638842,1.753336504000762,2.747471772114594,3.064391796220362,0.640906771201851,0.563551250687881,0.354893641266870,0.622125266051816,0.536464862504620,0.697629682032479,0.100000000000000,7.326752885184003,14.442263958771423,2.938021618649271,9.402111497853756,17.040141839357087,2.221597204222474,22.831380177247641,11.901142538647947]
11,16.942090,107,1050000,[1.540704776641197,2.230923596184902,3.049281635447618,2.547379901510921,2.617581724877254,0.625336546520759,0.480781631422435,0.507494714183219,0.520981753596706,0.537237407818717,0.265460851551415,1.000000000000000,5.481950126977580,10.457304875094594,14.377849234362145,5.223219497136105,23.183723605623875,5.067056577766313,21.238615725603025,16.942089873372275]
9,9.737952,131,1050000,[1.706545703984611,1.364433907987534,3.755676061611521,1.493109071272422,2.135592684159111,0.592803578133884,0.500215870430263,0.505421366929534,0.532430875549427,0.934584194029165,0.656689178202693,0.100000000000000,19.707336068783078,4.330012465159991,18.126984450329146,3.808434688146234,15.968450531918019,24.342273194394433,24.143750677690778,9.737951830430077]
10,12.352958,132,1050000,[1.596143051020015,1.667100633839138,3.026958844026976,1.354916836730687,2.627560412807153,0.780548475849820,0.506004140182202,0.415951200204395,0.644093235762017,0.992098871940578,0.370783229606218,0.100000000000000,19.723317860777019,5.438912657570420,21.201616889531571,11.094039322141153,24.788391351309449,11.611267369166258,4.016678824307242,12.352958364814879]
12,15.933746,90,1050000,[1.377739891127806,2.168828522686665,1.798526728839006,2.400467196012574,2.483782763356368,0.724020366118468,0.559769482067101,0.434390488206280,0.449779342000396,0.293358923075797,0.362947491680859,1.000000000000000,10.053445777094038,7.638838628974051,4.650806726879581,2.931042246039226,2.143096540900701,23.496692208454685,14.255526239371098,15.933746343938855]
error istate = -1
error istate = -1
error istate = -1
error istate = -1
error istate = -1
15,12.658070,92,1050000,[1.469767713108195,2.310708854181327,1.344049733326806,3.429307644642741,2.587547954934781,0.607847780750651,0.536457541273573,0.391786906520755,0.474810854810659,0.588107185827052,0.580985279299979,0.548871098401568,9.236447624335623,9.495601911777688,3.553444661363890,3.293810218602788,24.926389691190699,2.737824421074821,3.505592972727336,12.658070454689182]
error istate = -1
14,13.558988,97,1050000,[1.474278439830526,2.345975559550811,2.739959777914422,2.026774151919138,3.510554391481701,0.654613874972187,0.544556017545334,0.478972636314510,0.477137119264328,0.667784552164268,0.355395149640677,0.906958929228485,9.361334899322081,15.353698165469728,7.903312992659613,3.745851281989398,6.893949956804821,10.430297657507605,2.053821519297183,13.558987879494290]
13,14.700838,122,1050000,[1.224083802799155,2.312850071016759,3.560230862935244,1.919101853752888,2.034037793960279,0.528119444175651,0.482612510415718,0.500013857614171,0.494608739958194,0.448097017750205,0.785845208563697,0.264577196815734,4.077295768545023,18.681683521688590,18.903415513274715,3.989521460348669,21.204862684539598,2.317174627672956,18.194741611146351,14.700837825754897]
19,13.770900,124,1050000,[1.572171180612837,2.141067137814168,3.008405665596890,3.184598102308735,2.713415365272982,0.711133198733545,0.517569840468226,0.448089670561588,0.587650324976956,0.443581984132059,0.718632641965038,0.100000000000000,17.000378023429789,24.819056335313504,10.632585879299462,9.615522149075246,5.869191474579922,1.000000000000000,23.198639962341644,13.770899651011275]
18,16.167694,131,1050000,[1.107073615609173,2.207680775011226,2.936141408851844,3.053947817784866,2.512517775747989,0.458434939023157,0.502926370235470,0.477506693458678,0.565546688148773,0.293614510607383,0.607794291296376,1.000000000000000,3.485593219404991,8.957661102007682,22.586611458738850,15.448850579657118,4.169615445850814,18.740882402314721,22.229686337595254,16.167694400007068]
16,15.567068,137,1050000,[1.444211941929705,2.285133451483974,3.314176761778321,2.321194003632011,4.811069566952577,0.692456569734801,0.560988372910604,0.446468639375259,0.604144510019884,0.582228194073102,0.127709357244142,1.000000000000000,13.939199847909637,24.822435140978722,24.646761518170368,7.269726847505944,12.669432991422850,10.530054577163534,3.073252483030315,15.567068375604625]
error istate = -1
error istate = -1
error istate = -1
error istate = -1
error istate = -1
error istate = -1
error istate = -1
error istate = -1
error istate = -1
error istate = -1
error istate = -1
error istate = -1
error istate = -1
error istate = -1
error istate = -1
error istate = -1
17,13.615710,158,1050000,[1.508151873015004,2.233663965302414,2.771234089825701,2.914608713309389,1.719147618339031,0.662020879287450,0.536927012545849,0.478546413467220,0.553496219389705,1.000000000000000,0.520817065241522,0.100000000000000,10.957833502386716,15.757619795848675,16.502664248780011,24.123066382848751,21.661831347219631,18.813290643312686,1.334814334939867,13.615709804742680]
23,14.543050,79,1050000,[0.844898603820570,1.798479867766630,3.232744057622891,1.677777824894122,2.888447564412249,0.446239736920045,0.490392607602568,0.490993262789493,0.453106055918743,0.696757780074983,0.720200473657147,0.242314825292449,2.167814425748982,5.272201560574053,12.198160210960070,2.399520532209168,15.014930083030652,10.824775048987005,10.621126663838726,14.543050203477466]
error istate = -1
error istate = -1
error istate = -1
error istate = -1
error istate = -1
error istate = -1
error istate = -1
error istate = -5
error istate = -1
error istate = -1
error istate = -1
error istate = -1
error istate = -1
21,12.357242,102,1050000,[1.613642913737492,2.273464917452159,3.301916794892208,0.579178479259972,3.615751591217993,0.628457874497674,0.538973469302056,0.464002221030787,0.446913092289064,0.784264316119681,0.712330049862757,0.122072375241096,17.544608308773955,12.947445621516729,7.940311439755060,2.763838830434000,13.934641152601544,8.816322998212768,3.649399568836940,12.357242237455761]
22,15.626279,120,1050000,[1.499498525034935,2.609533498183271,1.062178218127814,3.147179016817913,2.483541217210085,0.518755362080941,0.569373483867197,0.359964561272109,0.641000001938325,0.713739277580433,0.782981910832448,0.100000000000000,10.754432475726213,17.513843949275418,3.730674572234966,9.492566387297234,20.821251966555113,7.767077616955883,16.832162539618046,15.626279120255167]
20,12.846326,135,1050000,[1.670172201832845,2.107322202873284,3.046641636910664,2.989226713303823,3.947624109586356,0.650042721999807,0.525707333401845,0.465869736502010,0.593929383712467,0.651149120760444,0.133329878614682,0.933695772103094,15.460507836455677,9.415969711837615,19.107017778566429,21.465460648620176,19.956983443239508,24.181155742236107,6.014987644949627,12.846325786750650]
error istate = -1
error istate = -1
error istate = -1
error istate = -1
error istate = -1
25,11.415821,66,1050000,[0.973962246848743,1.302379994092445,2.410053036646444,2.682360622336636,1.764308926201605,0.416135378436328,0.496542205075435,0.395497627040808,0.595916312296124,1.000000000000000,0.607525531450926,0.149669092198226,2.121108558547943,2.325822472525165,4.774999712159858,5.523146523948430,3.141967043469478,7.806379528490075,21.646842368101168,11.415820644235077]
27,15.510327,111,1050000,[0.943725047940474,2.636286898161597,1.777297846322374,3.371974779235056,1.000718525168299,0.388521268277096,0.462291158598702,0.355268422597356,0.649724500927159,0.100000000000000,0.960125519596501,0.155134725951907,1.173673210511800,23.384504208445076,2.341359431404056,22.905075850041434,7.058015716361169,2.916190819775876,24.112802344533157,15.510326803345272]
26,12.567703,131,1050000,[1.473951624888847,0.841127163831327,4.353499371209855,1.214883470727324,1.767365907885072,0.737678285308464,0.527767203995855,0.462328366209014,0.352315621624549,0.116855890875961,1.000000000000000,0.100000000000000,15.236355745782024,1.083102070643536,17.597015578738137,24.028038892506028,2.448993161927153,17.817352601032155,12.107446002451316,12.567702609197302]
24,17.530270,138,1050000,[1.602612166376563,2.406235323549335,3.348392099870372,2.677725810783952,3.501067099167930,0.641392871642670,0.530268128169127,0.455845002104085,0.589921282623809,0.590934822662879,0.100000000000000,1.000000000000000,19.831014220014342,23.702033988320856,24.993411135523270,9.277718487985357,5.589239547159792,3.746091739034921,3.471035815089568,17.530269733606331]
error istate = -1
28,9.716742,130,1050000,[1.593803587972438,1.587643474720219,3.283905457360881,1.708513071868390,3.281192355637892,0.732879788780587,0.484960611357683,0.462195338035814,0.459682563191034,0.809072505175916,0.839920028795851,0.100000000000000,21.358051314004118,4.515061399387374,22.784108224640590,14.462579347569961,6.447272472535061,7.895619955912439,16.390534691383113,9.716741544167293]
29,11.229537,139,1050000,[1.413902916905044,2.553496856844393,0.348008080608838,3.446950645999578,3.852184346457322,0.732023695636894,0.578425062396521,0.361023822703256,0.682041320322245,1.000000000000000,0.585703150778264,0.100000000000000,12.159876086860554,10.578338563423528,3.896769811822730,18.465930687794564,6.028910960575051,15.803522248506073,10.242437582764491,11.229536647309341]
